/home/labmec/Downloads/GFEM Course/Projects/Projeto 1/input_files/FEM_nel_32.txt
nodes - nnodes ndim; nodeID x-coord
65 1
1 0
2 0.015625
3 0.03125
4 0.046875
5 0.0625
6 0.078125
7 0.09375
8 0.109375
9 0.125
10 0.140625
11 0.15625
12 0.171875
13 0.1875
14 0.203125
15 0.21875
16 0.234375
17 0.25
18 0.265625
19 0.28125
20 0.296875
21 0.3125
22 0.328125
23 0.34375
24 0.359375
25 0.375
26 0.390625
27 0.40625
28 0.421875
29 0.4375
30 0.453125
31 0.46875
32 0.484375
33 0.5
34 0.515625
35 0.53125
36 0.546875
37 0.5625
38 0.578125
39 0.59375
40 0.609375
41 0.625
42 0.640625
43 0.65625
44 0.671875
45 0.6875
46 0.703125
47 0.71875
48 0.734375
49 0.75
50 0.765625
51 0.78125
52 0.796875
53 0.8125
54 0.828125
55 0.84375
56 0.859375
57 0.875
58 0.890625
59 0.90625
60 0.921875
61 0.9375
62 0.953125
63 0.96875
64 0.984375
65 1
nelem; elemID Type propID nodes
32
1 lBar3 1 1 2 3 
2 lBar3 1 3 4 5 
3 lBar3 1 5 6 7 
4 lBar3 1 7 8 9 
5 lBar3 1 9 10 11 
6 lBar3 1 11 12 13 
7 lBar3 1 13 14 15 
8 lBar3 1 15 16 17 
9 lBar3 1 17 18 19 
10 lBar3 1 19 20 21 
11 lBar3 1 21 22 23 
12 lBar3 1 23 24 25 
13 lBar3 1 25 26 27 
14 lBar3 1 27 28 29 
15 lBar3 1 29 30 31 
16 lBar3 1 31 32 33 
17 lBar3 1 33 34 35 
18 lBar3 1 35 36 37 
19 lBar3 1 37 38 39 
20 lBar3 1 39 40 41 
21 lBar3 1 41 42 43 
22 lBar3 1 43 44 45 
23 lBar3 1 45 46 47 
24 lBar3 1 47 48 49 
25 lBar3 1 49 50 51 
26 lBar3 1 51 52 53 
27 lBar3 1 53 54 55 
28 lBar3 1 55 56 57 
29 lBar3 1 57 58 59 
30 lBar3 1 59 60 61 
31 lBar3 1 61 62 63 
32 lBar3 1 63 64 65 
properties - nprop; propID type E A C bf_fun alpha xb
1
1 MatlBar 1 1 0 10 0.5 0.2
constraints - nconstr;constrID nodeID dof value
2
1 1 1 0
2 65 1 0
loads - nload; loadID nodeID dof value
0
